
-----------------Input-----------------
N = 16
delta = 0.500000
case 2. MISO without combining
number of reception directions of desired signal = 4
reception direction of desired signal(in degree) = 30.000000 18.000000 36.000000 18.000000 
reception direction of interference signal(in degree) = 45.000000
L = 8
-----------------Output-----------------
First part
  Columns 1 through 6

   0.2500 + 0.0000i   0.2500 + 0.0000i   0.2500 + 0.0000i   0.2500 + 0.0000i   0.2500 + 0.0000i   0.2500 + 0.0000i
   0.2500 + 0.0000i   0.2310 - 0.0957i   0.1768 - 0.1768i   0.0957 - 0.2310i   0.0000 - 0.2500i  -0.0957 - 0.2310i
   0.2500 + 0.0000i   0.1768 - 0.1768i   0.0000 - 0.2500i  -0.1768 - 0.1768i  -0.2500 - 0.0000i  -0.1768 + 0.1768i
   0.2500 + 0.0000i   0.0957 - 0.2310i  -0.1768 - 0.1768i  -0.2310 + 0.0957i  -0.0000 + 0.2500i   0.2310 + 0.0957i
   0.2500 + 0.0000i   0.0000 - 0.2500i  -0.2500 - 0.0000i  -0.0000 + 0.2500i   0.2500 + 0.0000i   0.0000 - 0.2500i
   0.2500 + 0.0000i  -0.0957 - 0.2310i  -0.1768 + 0.1768i   0.2310 + 0.0957i   0.0000 - 0.2500i  -0.2310 + 0.0957i
   0.2500 + 0.0000i  -0.1768 - 0.1768i  -0.0000 + 0.2500i   0.1768 - 0.1768i  -0.2500 - 0.0000i   0.1768 + 0.1768i
   0.2500 + 0.0000i  -0.2310 - 0.0957i   0.1768 + 0.1768i  -0.0957 - 0.2310i  -0.0000 + 0.2500i   0.0957 - 0.2310i
   0.2500 + 0.0000i  -0.2500 - 0.0000i   0.2500 + 0.0000i  -0.2500 - 0.0000i   0.2500 + 0.0000i  -0.2500 - 0.0000i
   0.2500 + 0.0000i  -0.2310 + 0.0957i   0.1768 - 0.1768i  -0.0957 + 0.2310i   0.0000 - 0.2500i   0.0957 + 0.2310i
   0.2500 + 0.0000i  -0.1768 + 0.1768i   0.0000 - 0.2500i   0.1768 + 0.1768i  -0.2500 - 0.0000i   0.1768 - 0.1768i
   0.2500 + 0.0000i  -0.0957 + 0.2310i  -0.1768 - 0.1768i   0.2310 - 0.0957i  -0.0000 + 0.2500i  -0.2310 - 0.0957i
   0.2500 + 0.0000i  -0.0000 + 0.2500i  -0.2500 - 0.0000i   0.0000 - 0.2500i   0.2500 + 0.0000i  -0.0000 + 0.2500i
   0.2500 + 0.0000i   0.0957 + 0.2310i  -0.1768 + 0.1768i  -0.2310 - 0.0957i  -0.0000 - 0.2500i   0.2310 - 0.0957i
   0.2500 + 0.0000i   0.1768 + 0.1768i  -0.0000 + 0.2500i  -0.1768 + 0.1768i  -0.2500 - 0.0000i  -0.1768 - 0.1768i
   0.2500 + 0.0000i   0.2310 + 0.0957i   0.1768 + 0.1768i   0.0957 + 0.2310i  -0.0000 + 0.2500i  -0.0957 + 0.2310i

  Columns 7 through 12

   0.2500 + 0.0000i   0.2500 + 0.0000i   0.2500 + 0.0000i   0.2500 + 0.0000i   0.2500 + 0.0000i   0.2500 + 0.0000i
  -0.1768 - 0.1768i  -0.2310 - 0.0957i  -0.2500 - 0.0000i  -0.2310 + 0.0957i  -0.1768 + 0.1768i  -0.0957 + 0.2310i
  -0.0000 + 0.2500i   0.1768 + 0.1768i   0.2500 + 0.0000i   0.1768 - 0.1768i   0.0000 - 0.2500i  -0.1768 - 0.1768i
   0.1768 - 0.1768i  -0.0957 - 0.2310i  -0.2500 - 0.0000i  -0.0957 + 0.2310i   0.1768 + 0.1768i   0.2310 - 0.0957i
  -0.2500 - 0.0000i  -0.0000 + 0.2500i   0.2500 + 0.0000i   0.0000 - 0.2500i  -0.2500 - 0.0000i  -0.0000 + 0.2500i
   0.1768 + 0.1768i   0.0957 - 0.2310i  -0.2500 - 0.0000i   0.0957 + 0.2310i   0.1768 - 0.1768i  -0.2310 - 0.0957i
   0.0000 - 0.2500i  -0.1768 + 0.1768i   0.2500 + 0.0000i  -0.1768 - 0.1768i  -0.0000 + 0.2500i   0.1768 - 0.1768i
  -0.1768 + 0.1768i   0.2310 - 0.0957i  -0.2500 - 0.0000i   0.2310 + 0.0957i  -0.1768 - 0.1768i   0.0957 + 0.2310i
   0.2500 + 0.0000i  -0.2500 - 0.0000i   0.2500 + 0.0000i  -0.2500 - 0.0000i   0.2500 + 0.0000i  -0.2500 - 0.0000i
  -0.1768 - 0.1768i   0.2310 + 0.0957i  -0.2500 - 0.0000i   0.2310 - 0.0957i  -0.1768 + 0.1768i   0.0957 - 0.2310i
  -0.0000 + 0.2500i  -0.1768 - 0.1768i   0.2500 + 0.0000i  -0.1768 + 0.1768i  -0.0000 - 0.2500i   0.1768 + 0.1768i
   0.1768 - 0.1768i   0.0957 + 0.2310i  -0.2500 - 0.0000i   0.0957 - 0.2310i   0.1768 + 0.1768i  -0.2310 + 0.0957i
  -0.2500 - 0.0000i  -0.0000 - 0.2500i   0.2500 + 0.0000i  -0.0000 + 0.2500i  -0.2500 - 0.0000i   0.0000 - 0.2500i
   0.1768 + 0.1768i  -0.0957 + 0.2310i  -0.2500 + 0.0000i  -0.0957 - 0.2310i   0.1768 - 0.1768i   0.2310 + 0.0957i
  -0.0000 - 0.2500i   0.1768 - 0.1768i   0.2500 + 0.0000i   0.1768 + 0.1768i  -0.0000 + 0.2500i  -0.1768 + 0.1768i
  -0.1768 + 0.1768i  -0.2310 + 0.0957i  -0.2500 - 0.0000i  -0.2310 - 0.0957i  -0.1768 - 0.1768i  -0.0957 - 0.2310i

  Columns 13 through 16

   0.2500 + 0.0000i   0.2500 + 0.0000i   0.2500 + 0.0000i   0.2500 + 0.0000i
  -0.0000 + 0.2500i   0.0957 + 0.2310i   0.1768 + 0.1768i   0.2310 + 0.0957i
  -0.2500 - 0.0000i  -0.1768 + 0.1768i  -0.0000 + 0.2500i   0.1768 + 0.1768i
   0.0000 - 0.2500i  -0.2310 - 0.0957i  -0.1768 + 0.1768i   0.0957 + 0.2310i
   0.2500 + 0.0000i  -0.0000 - 0.2500i  -0.2500 - 0.0000i  -0.0000 + 0.2500i
  -0.0000 + 0.2500i   0.2310 - 0.0957i  -0.1768 - 0.1768i  -0.0957 + 0.2310i
  -0.2500 - 0.0000i   0.1768 + 0.1768i  -0.0000 - 0.2500i  -0.1768 + 0.1768i
  -0.0000 - 0.2500i  -0.0957 + 0.2310i   0.1768 - 0.1768i  -0.2310 + 0.0957i
   0.2500 + 0.0000i  -0.2500 + 0.0000i   0.2500 + 0.0000i  -0.2500 - 0.0000i
  -0.0000 + 0.2500i  -0.0957 - 0.2310i   0.1768 + 0.1768i  -0.2310 - 0.0957i
  -0.2500 - 0.0000i   0.1768 - 0.1768i  -0.0000 + 0.2500i  -0.1768 - 0.1768i
   0.0000 - 0.2500i   0.2310 + 0.0957i  -0.1768 + 0.1768i  -0.0957 - 0.2310i
   0.2500 + 0.0000i  -0.0000 + 0.2500i  -0.2500 + 0.0000i   0.0000 - 0.2500i
   0.0000 + 0.2500i  -0.2310 + 0.0957i  -0.1768 - 0.1768i   0.0957 - 0.2310i
  -0.2500 + 0.0000i  -0.1768 - 0.1768i   0.0000 - 0.2500i   0.1768 - 0.1768i
   0.0000 - 0.2500i   0.0957 - 0.2310i   0.1768 - 0.1768i   0.2310 - 0.0957i

----------------------------------------
Secnod part
	 Plot in figure 1
----------------------------------------
Third part
	 Plot in figure 2
----------------------------------------
Forth part
	 Plot in figure 3
----------------------------------------
Fifth part
	 Plot in figure 4 
----------------------------------------
Sixth part
MISO cannot peform combining techniques. 
>> 